2.765494 4.337839 6.25332 -0.751941 3.56292 -6.02595 4.671523 -0.590472 -2.32132 -1.503172 367612.96322
3.819679 4.1544 -2.315655 -3.282702 -3.571495 3.222658 -2.309534 1.161372 -6.828565 -6.39126 392161.272666
2.956956 0.011039 -1.2241 5.06143 -7.418785 -0.3943 -2.962201 -3.946657 -2.416089 5.474392 475157.719341
-3.334638 6.766903 -3.99748 2.027628 -6.433478 0.521558 -4.160202 -2.172405 4.417214 -3.079247 538526.230436
-4.459339 7.318465 7.480496 -3.110457 -3.227886 -1.677763 3.23853 -2.917452 -2.3268 -5.309658 649733.648985
1.507187 -2.375929 6.730336 1.836473 5.508062 0.023955 -6.597779 -6.467707 3.497566 6.791311 687949.97527
-6.456475 -4.374359 -7.069199 -5.441757 4.413465 2.982349 0.380317 -1.469737 -2.674959 7.154325 688695.467093
-5.716299 6.988353 5.049179 -2.670312 0.836292 -1.323409 4.397663 -7.464216 4.250164 7.203844 690824.82998
3.039459 -5.493951 1.722507 8.533106 -1.326951 -0.623591 -6.393926 -0.528865 3.372937 -3.683538 855961.144318
-1.066874 8.099172 3.457815 -5.793227 2.9886 2.562976 3.658082 5.444373 -6.966004 0.730155 889795.757085
6.267821 -2.458858 3.01771 6.38211 3.089169 -7.99941 6.670743 3.168265 -3.358288 -6.866087 898844.289068
-4.669393 7.142821 2.856296 6.97277 8.461239 0.42504 0.065803 -0.064491 -2.106485 -6.765923 934532.070374
-2.835382 7.216416 -7.764998 0.796781 -0.401747 3.727014 -2.438816 -0.108515 -6.888268 -0.680916 980505.563991
-6.8808 4.900986 -0.840493 -4.058902 -4.946591 -8.051447 -1.460793 1.257382 6.118346 -3.056272 1001600.192883
7.074475 6.235595 -7.623156 1.512962 -0.137315 -2.455958 -2.487925 -5.771099 -6.085486 1.325491 1034279.743904
-4.67967 -5.470927 4.15518 4.528355 -7.73201 2.758589 -5.700765 -6.574749 -5.772036 6.760984 1043831.578598
5.195568 -8.809798 -3.783876 -5.938149 -4.232478 0.278087 -1.193761 5.265212 1.57475 4.448162 1089468.786247
-5.514463 4.380492 5.218197 -0.103975 -4.731039 9.038875 5.54912 -6.646464 -0.071705 -8.598389 1105552.412705
-2.092124 9.088498 6.98353 5.055677 -5.378778 -1.768893 6.083199 5.348436 4.022492 6.316978 1126558.838888
7.062192 1.962266 -8.300328 4.886967 -5.722971 -3.022032 -6.668738 -3.934762 2.544222 7.65856 1146117.400516
4.169003 5.350589 -4.111537 7.040988 -1.518955 9.114463 2.323279 -5.965762 1.169049 8.213546 1185448.575231
-4.258676 -2.690041 -6.210632 -3.498702 8.048859 3.218514 5.380805 -8.140903 5.968648 9.491126 1191583.331765
1.354999 -1.801966 -8.741844 8.026831 -5.999777 2.102369 -1.906942 5.843675 2.351492 -3.549546 1208454.128909
4.093541 0.506518 -3.706552 8.532655 -1.858308 8.615077 2.993171 -5.649683 2.845103 -6.470253 1225442.052154
2.476502 4.07578 -8.579719 -5.473028 0.448071 6.89172 4.394194 7.03208 0.057819 6.968918 1230748.28336
-1.689305 1.016682 -4.832218 -1.547209 2.82149 -4.763544 -7.263097 3.489311 9.306243 -4.197316 1239968.091802
-5.399245 -5.998123 7.698278 5.587139 2.043921 2.926456 6.625728 8.907867 4.210606 0.878945 1292971.735258
-2.088372 5.085643 -2.119669 2.79446 8.009659 -6.244326 1.989142 8.664487 -2.003787 6.676183 1308394.158505
-6.437405 1.706311 8.336952 1.070413 -8.727093 -2.129996 1.737244 4.696432 -3.150488 9.464625 1316732.476843
1.96302 5.625097 7.33943 -1.45691 -0.594619 4.749937 8.455691 6.391718 -7.511173 2.803746 1333519.380322
2.539118 -0.152234 -1.308204 -0.248357 -4.508041 6.038725 -7.293079 9.804931 -0.071051 -6.651017 1337349.014491
-5.920757 -7.019077 -3.844687 -8.836396 -1.826322 -5.150245 -4.630299 5.260635 1.149401 8.685246 1359979.343573
5.027157 5.040358 -1.793583 1.104124 -1.026856 5.249491 -6.362054 7.658875 9.026098 -7.527227 1378987.41807
0.51703 -9.651396 2.596501 1.395442 -7.139586 7.19604 -4.285134 1.984819 1.319317 -5.33339 1379711.95912
6.154346 -2.704561 2.17108 6.611313 -1.090294 -5.149555 -2.630391 9.81103 -0.742159 -2.618791 1400285.847368
4.465772 -0.876414 1.448472 2.558988 4.853535 -9.712366 5.348616 -5.995794 -6.057831 -6.067303 1425502.27091
-2.919051 -5.614515 -5.895583 2.74163 -6.422774 1.637545 7.882815 -6.559925 -7.376258 1.190203 1451187.277886
-5.207216 1.34399 2.928657 6.436829 -2.510731 -2.808103 -6.547679 6.661862 -9.461428 2.895546 1460901.593607
-1.366346 3.267278 -3.776787 -8.790725 5.52345 1.752481 -9.069903 -4.785025 2.731459 1.030303 1489345.455227
3.432526 7.429593 8.054408 5.871702 7.525164 -6.367295 4.979049 7.343312 0.806286 -9.960589 1492358.349964
-2.709404 3.191817 -7.848891 5.174429 -8.266899 0.808378 -4.477385 6.853397 7.573963 -6.794621 1518749.815156
4.027062 2.773852 -1.240361 7.72699 7.752213 3.256721 6.594539 9.547755 2.829589 8.557036 1520161.767716
0.322795 4.344959 6.629446 8.707565 8.850514 1.341149 -4.341382 6.689252 6.229227 -4.999758 1541299.992646
7.773748 -4.657204 2.09498 -5.465634 -1.14463 -7.165783 -2.568874 7.096382 -7.497934 -3.181806 1553780.742007
-8.41713 -9.45846 0.333394 -3.623563 -3.711073 -2.420295 -1.955269 -4.314525 4.704976 3.202891 1563519.567629
-1.007121 -4.953917 -2.252508 -4.598534 -7.456804 -6.228959 -9.40883 4.054878 -3.880403 -5.758796 1579779.313101
-6.66055 -6.384538 -4.747048 -0.318529 -1.448787 7.405455 6.803234 6.363311 -7.926751 -4.067525 1592394.6203
-1.434437 7.277152 -3.236073 -4.31403 -2.982667 9.335364 -5.526639 5.693193 -6.077546 -3.224878 1617366.740492
-1.227068 -9.473902 7.157565 -6.273587 4.30175 7.263105 3.771621 -4.516432 -6.520714 3.113119 1663631.933491
-2.838642 1.942881 -9.072946 -5.142962 -0.686068 8.308014 -1.447884 7.583966 1.794755 -5.679022 1683274.513617
0.273764 2.730883 7.760006 0.935087 -5.214004 1.304989 -7.84466 7.48934 -8.128879 -8.759544 1696871.641983
9.877284 5.457159 -4.330294 7.865547 -5.332409 -3.829276 1.757609 4.2207 6.061042 -2.761048 1719057.362054
-4.144767 6.214557 -4.192828 -0.887891 -0.490849 8.724438 8.947727 -1.507939 -7.717507 -1.375763 1734896.063483
7.242363 4.650173 -8.595721 -0.063513 8.146011 6.662933 -1.877564 -7.241385 -1.786573 -4.272964 1755271.781524
7.629648 -0.986251 -0.765181 -3.49515 -7.517798 -7.078868 -0.284032 -9.117164 5.233505 -3.34201 1759660.528416
5.786603 -0.863183 -5.774553 -6.76222 -4.220076 1.724831 1.36316 -9.169128 9.188168 2.518399 1802789.211648
7.356673 -1.760117 7.033866 -1.474867 -7.358203 -1.681758 -0.397313 2.483721 9.664695 -2.299043 1813139.493597
-2.35644 2.218833 -9.932699 -3.749941 -5.016275 7.953065 4.522754 -6.656113 -4.674386 2.813551 1832820.85784
4.652745 8.08784 -9.690747 -4.984615 5.181183 5.377202 -2.304368 -5.420325 0.921322 -4.115136 1837961.142216
-8.25293 0.616415 7.827069 -8.774488 -4.957702 0.278652 3.002856 -0.896972 -5.890136 -6.948756 1871135.172044
-1.043151 8.515701 -4.720561 3.829297 -8.515424 -7.960877 3.309917 -5.395281 5.224691 -7.25027 1901721.696439
-7.728017 -8.729874 -0.791855 -8.217936 -3.746063 -2.590971 7.390787 4.439676 -0.731557 -8.202669 1906722.721894
-3.110368 -8.330334 3.667425 -7.611665 3.338703 4.371478 -6.730053 -5.164041 -9.071136 1.75141 1909540.16581
-3.822145 -6.755583 7.515105 -6.884907 9.114747 2.6879 -5.860847 -3.74676 -7.649407 0.601565 1930377.603214
9.324982 7.591976 9.326518 4.334292 -7.529711 -0.544223 -0.669498 -4.12871 1.122552 5.66221 1973033.33068
-2.813026 2.152897 -0.546405 -9.708753 -3.959908 -9.613066 5.280447 -4.56773 -2.418087 -7.476698 1981478.102716
6.89582 6.337401 3.507644 7.805701 6.183678 -3.981205 3.222817 -8.323961 -8.523383 -0.962694 1982822.322841
-2.83055 -2.993105 7.207821 2.30273 3.786463 -8.688373 -5.762002 9.009609 8.474337 5.993576 1992938.30282
-2.529606 -1.251033 5.428975 -6.319722 -8.093379 -8.921629 3.26858 -7.800836 -4.585883 -4.858499 2032452.567409
0.075827 -0.748474 -8.330022 4.511201 -1.860481 9.035559 0.354348 -1.126895 -9.859556 0.295628 2094174.131391
2.723227 4.40986 0.079315 -9.925599 -4.04066 -5.30875 2.841183 -9.654567 0.360588 -6.337018 2109163.734645
8.931332 -4.96597 3.93236 9.555953 3.832966 0.208818 7.142866 7.461779 -4.659075 7.923778 2128893.292584
2.321652 4.969691 -8.694122 -7.741341 -1.405127 -3.676068 -6.89826 5.403645 9.143227 -1.322997 2166621.443625
1.327759 -5.117295 0.865813 9.959027 -3.677013 0.806785 9.167288 -1.728942 -7.330235 1.192461 2181341.798093
-1.178132 8.893763 -4.928846 -6.862034 3.611337 0.933271 -4.177346 9.64014 -7.110045 3.395547 2244661.593434
6.626247 -8.576004 -5.938555 -5.456273 5.319337 -3.311366 -2.194471 -7.984781 -7.891129 -5.906822 2245048.706373
-8.441056 -4.822017 7.79552 -5.272265 -8.025454 7.686173 2.940042 2.785846 -7.992132 -1.67111 2262252.466755
3.033122 -0.435515 -0.147763 -8.430991 9.253542 -7.809875 6.492464 -7.809925 6.962875 0.250711 2343393.353451
0.137345 -7.111807 3.718278 9.131321 1.182958 8.812963 5.559756 7.28009 9.142684 -3.9593 2442960.199782
-5.660256 8.90081 5.174483 2.389947 1.251893 -9.401657 -9.260555 -3.086348 -3.058852 -0.042976 2443319.764609
-0.087579 -2.717992 -7.381463 8.7708 -0.94278 7.141252 -9.679701 6.620233 -7.001995 -0.384507 2471142.434955
-4.786675 -9.400677 -5.927484 -2.41979 5.671188 -8.001034 -1.261183 8.71374 -5.247486 -5.516063 2495826.661079
-0.917542 -5.899927 -5.863414 9.414661 -6.482478 -7.448436 -4.606291 9.456314 6.875297 8.931751 2585450.631182
-6.70653 3.696595 -8.956043 -9.065525 -5.261368 -3.146421 -4.43567 6.620997 -8.459095 5.133813 2631065.67342
4.537389 3.773384 0.706101 8.861957 -5.700887 0.811344 2.219111 -9.327983 -9.716051 1.604041 2681217.769361
-7.798649 5.219018 9.602693 -8.55154 2.991837 -8.105067 -6.879924 1.597891 4.358569 -9.053824 2691846.159705
-9.367265 -4.691098 2.275276 -1.033649 -1.330985 8.068571 -0.750968 -9.883544 -7.330371 3.61871 2700719.990976
-7.942572 -8.130693 3.214343 9.56536 -1.572141 0.181154 -1.958217 -8.795106 -7.116697 4.267634 2714879.28229
-9.925761 -8.641813 9.994211 5.390155 4.018705 2.85995 -0.395731 -6.627783 0.470474 1.209391 2741360.131266
-4.901255 -1.442935 9.293606 0.072079 -6.598655 -8.960385 -6.571396 9.583465 3.185609 -9.547773 2787378.874896
-4.698248 -3.484407 4.445863 5.808213 -3.292198 -9.657539 -9.202143 7.274433 9.60806 7.850606 2820431.302949
-2.912551 0.524818 -8.757254 -6.444928 -9.300628 -4.794852 -3.928182 -9.748916 5.548207 -2.524975 2845749.841456
-0.832247 -6.965115 9.136102 -6.000065 -1.871217 -9.995526 -4.959166 6.236353 9.818967 9.529465 3096321.696669
-9.802055 6.386205 8.321668 -3.431784 -5.64915 2.756675 -9.278638 -6.650992 -7.714822 -4.208329 3118659.118743
3.352471 2.343772 7.379478 5.318876 9.438121 -9.067067 -6.31614 -7.62223 -8.147029 -8.479338 3257603.190363
0.1323 -7.390362 -9.557937 -9.400576 -3.735024 9.648934 -2.418894 7.222881 -1.765711 5.588474 3487260.099604
-9.64639 -9.931995 0.128471 0.912425 -7.423443 -2.990821 -7.675401 -9.16739 1.066798 -3.094464 3557431.022493
0.402488 9.285807 -4.888434 -3.44584 2.639613 -7.690776 -8.298369 -9.816897 -9.291893 7.001961 3763667.696844
-1.822325 -8.397639 -7.130869 -9.947415 -8.090649 -9.963387 -7.27347 1.179802 5.752384 9.383911 4162307.036668
7.840812 4.789278 9.013936 -8.4088 -7.039318 1.440159 8.580007 -9.304027 -9.544917 7.271512 4299468.280849
